1121315
1135864
985029
1134815
1001375
1031246
997131
1127436
1127371
1130104
1130105
1099225
1132827
1025982
1131910
1130888
1128771
1128780
1128040
1076793
1074818
1074817
1126280
1116943
1096781
1125879
1125569
1121016
1099776
1116553
1116554
1103979
1124362
1096762
1025979
1121746
1099987
1113249
1120239
1085195
1113467
1118593
1025981
1117508
1117772
1117249
1105611
1104341
1088289
1088288
1114219
1088399
1088400
1109711
1100003
1099996
998191
1106532
1106533
1104700
1104699
1106010
1109493
1086639
1109193
1097452
1096471
1088398
1079884
1079888
1079882
1104553
1104134
1082646
1102312
1079762
1079952
1101386
1082276
1101463
1101355
1025977
1003364
1096094
1096081
1084778
1025975
1096805
1092733
1023731
1085187
1093667
1083505
1086282
1095085
1094777
1089718
1089705
1089674
1092239
1094775
1080718
1089576
1089571
1092261
1092263
1034666
1092085
1034658
1092592
1092265
1092320
1092262
1092283
1092264
1092233
1092230
1085189
1070831
938040
1091615
1091802
1091801
1091800
1091799
1091798
1091796
1091795
1091794
1091793
1091787
1091786
1091785
1091784
1091783
1091782
949607
1091688
1091671
1083521
1089670
1086652
1070833
1088413
1090672
1074552
1072385
1079048
1075891
1078784
1088861
1090205
997435
1055038
1040331
1084526
1088172
1084735
1076844
995858
1084363
1084348
1079262
1087353
1086669
1086604
1063140
1063134
1086546
1086038
1085451
1085016
1084077
1028193
1073504
1084547
1084426
1084405
1080641
1080642
1080643
1080639
1083452
1083845
1082730
1051367
1083373
1081262
1054695
1064004
1066640
1075933
1075411
1025426
1081597
1081579
1081363
1025954
1070880
1053548
1080814
1080708
1071043
1078832
1064826
1079633
1078473
1078961
1078962
1078964
1078965
1079408
1079415
1079146
1047924
1048034
1077826
1076650
1077657
1076545
1071416
1070937
1070935
1059591
1030592
1075890
1075835
1059487
1070278
1074815
1074349
1073511
1073516
1073509
1052882
1052879
1052880
1052881
1057056
1071574
1072625
1057059
1071225
1024508
1024509
1024511
1071163
1070944
1070940
1064546
1064943
1064960
1064965
1064539
1064534
1064526
1064522
1070275
1070185
1061355
1061351
1069062
1069059
1069929
1069935
1054312
1054322
1069990
1069991
1054310
1069299
1067821
1068813
1068790
1068583
1049277
1049280
1066860
1066864
1066872
1052692
1033424
1033425
1060250
1063341
1025434
1063343
1060258
1063672
1064315
1063542
1043470
1064766
1064765
1064633
1064632
1064630
1064201
1064204
1064093
1064117
1063597
1054599
1054441
1062318
1062314
1060478
1060119
1041375
1060477
1061879
1058901
1060118
1060097
1060098
1060340
1060334
1025428
1060796
1055690
1055688
1059697
1057675
1059724
1059696
1059738
1059670
1059669
1059624
1059136
1058897
1058707
1059375
1059285
1058994
1058240
1058242
1058241
1049539
1049538
1058036
1044246
1036699
1053631
1053632
1056883
1030405
1005598
1055039
1055828
1055822
1055816
1055796
1055305
1034202
1043140
1055369
1055368
1054923
1054070
1043128
1043129
1054301
1054022
1054023
1054382
1054379
1047912
1047945
1053258
993899
1051375
993905
997810
993920
993912
1024521
993902
1048819
1049341
1048824
1049105
1047894
1047892
1043786
1034212
1047893
1047895
1048092
1048091
1023529
1037513
1036711
1043361
1045996
1045997
1042862
1030343
1030341
1020489
1029794
1029793
1044926
1044153
1043988
1043985
1036696
1014288
1042557
1042805
1042803
1023530
1042759
1042738
1041572
1031089
1018091
1018090
1029644
1034019
1037503
1036529
1038298
1037133
1036495
1036496
1034082
1020836
1005126
1033193
952894
1016139
957324
988033
1019606
1018312
1018309
1028044
1027448
1026012
1024144
885523
998991
1012330
977606
1003366
976728
1019503
1018811
1018812
1017917
1010888
901173
986308
989523
1011352
998611
994078
1009042
973131
962113
1008086
1007217
976919
1007422
1005192
963859
955624
1001507
970729
976567
1001142
996485
995757
904167
999761
999197
999410
997612
998225
999286
999255
991487
962109
976588
948486
976584
928188
974628
996630
996347
995476
991725
931402
995087
983719
990115
993692
974665
989014
967175
883102
989833
948600
962133
988582
987872
986796
986469
986340
985592
947397
986001
947997
915300
915302
985270
984622
984258
980675
947389
881966
982613
944433
981924
939319
973228
981989
980778
881963
875223
875220
881962
881968
886633
969940
978715
978835
978238
978235
977502
955559
976457
975666
975662
975516
873311
873307
873309
892247
892248
888862
874443
900639
962656
971282
971275
969495
969537
969086
969026
934264
958773
949121
968430
960033
960030
967400
966099
835106
964078
965428
919742
939057
954385
958424
963459
962111
962024
961593
957059
959226
959224
959228
959229
959231
959227
959230
933755
960927
954992
961085
944334
944326
960962
960380
960378
960377
936429
959914
949977
928272
958944
958225
958224
958221
958676
958681
944948
958740
957556
956562
957165
952278
952279
952270
936898
955618
955527
955786
949728
889308
946264
946231
946258
946265
946228
946245
946207
949729
949733
949732
949730
949727
949731
949022
949025
949026
949023
949027
949021
949024
954545
901986
953891
953908
953257
953121
949989
946778
952157
952147
946781
951667
892036
892035
776731
871954
950271
950401
871960
946774
949344
948056
946775
911967
947457
947453
940343
940344
946592
945991
946000
946767
946769
928919
928730
946319
872597
940660
940680
940042
932556
944192
940043
911109
911108
911107
911106
911105
911103
911125
911124
911123
911122
911121
911120
911128
911129
935988
819442
819445
931514
943374
943398
943513
907769
940912
940911
931361
931360
921952
896406
934058
932143
929124
942646
942088
940094
940101
941933
936108
883956
933055
940838
924642
939553
935050
932869
939313
936073
938031
924224
936451
936728
813196
821040
924225
935435
935349
904929
921120
921119
934414
934425
930017
933013
932115
828565
932309
847823
876964
853062
912736
929779
930763
930618
930776
930734
924354
930328
924705
924356
928572
928880
928502
928501
919191
825762
924253
924254
926273
923325
881811
926356
911215
927354
896517
903475
925578
921113
921112
824497
824517
925916
912685
924848
924957
923490
820674
820672
821034
895580
923296
923288
907653
921873
922970
907485
922994
895589
895591
895590
895581
895588
895584
895587
895583
895585
895579
895575
922617
922405
918054
921002
825273
820641
811935
821128
899996
811945
919636
879900
919671
875677
909784
918218
917674
815930
911470
914218
914652
813084
873022
873030
818247
915597
910962
822355
822674
825710
818598
876444
820670
889189
889188
914277
820679
821826
820681
899463
913592
874457
913356
885409
893018
909418
826602
833941
908351
824366
813195
896429
815422
911024
910655
908018
909097
909328
909329
885419
908002
908023
910283
811435
811436
885275
826232
882187
817366
812154
813191
892212
892216
903650
903649
897700
906057
848531
848430
896425
838996
904377
848477
848476
818334
831815
886008
901639
902059
883744
900310
899435
876866
892177
874477
897634
895595
887409
896707
887355
835246
895548
840453
882734
892104
892106
894066
894565
894539
894542
826760
890106
826876
892190
891112
865370
893274
879380
891745
822088
888758
888757
885372
879206
885365
890183
890192
889938
883922
882185
882186
889563
889551
889527
889097
888119
886160
887402
872231
886527
885694
821167
882183
883613
882181
883973
879201
883224
864778
880517
859623
876794
876795
859624
864557
879816
717791
876910
849807
878331
878154
876776
873411
873406
877548
877342
817213
820218
870150
836908
875536
869887
873237
857320
864100
855984
874510
861632
868454
837840
856953
828318
834657
823432
815371
788562
775804
772705
763597
769871
766434
757650
754550
749575
746051
743455
737317
733209
730860
728073
724663
721983
719144
715313
